           1           1           2           3           4           5
           6           7           8
           2           1           2           3           4           5
           6           7           9
           3           1           2           3           4           5
           6           8           9
           4           1           2           3           4           5
           7           8           9
           5           1           2           3           4           6
           7           8           9
           6           1           2           3           5           6
           7           8           9
           7           1           2           4           5           6
           7           8           9
           8           1           3           4           5           6
           7           8           9
           9           2           3           4           5           6
           7           8           9
          10           1           2           3           4           5
           6           7          10
          11           1           2           3           4           5
           6           8          10
          12           1           2           3           4           5
           7           8          10
          13           1           2           3           4           6
           7           8          10
          14           1           2           3           5           6
           7           8          10
          15           1           2           4           5           6
           7           8          10
          16           1           3           4           5           6
           7           8          10
          17           2           3           4           5           6
           7           8          10
          18           1           2           3           4           5
           6           9          10
          19           1           2           3           4           5
           7           9          10
          20           1           2           3           4           6
           7           9          10
          21           1           2           3           5           6
           7           9          10
          22           1           2           4           5           6
           7           9          10
          23           1           3           4           5           6
           7           9          10
          24           2           3           4           5           6
           7           9          10
          25           1           2           3           4           5
           8           9          10
          26           1           2           3           4           6
           8           9          10
          27           1           2           3           5           6
           8           9          10
          28           1           2           4           5           6
           8           9          10
          29           1           3           4           5           6
           8           9          10
          30           2           3           4           5           6
           8           9          10
          31           1           2           3           4           7
           8           9          10
          32           1           2           3           5           7
           8           9          10
          33           1           2           4           5           7
           8           9          10
          34           1           3           4           5           7
           8           9          10
          35           2           3           4           5           7
           8           9          10
          36           1           2           3           6           7
           8           9          10
          37           1           2           4           6           7
           8           9          10
          38           1           3           4           6           7
           8           9          10
          39           2           3           4           6           7
           8           9          10
          40           1           2           5           6           7
           8           9          10
          41           1           3           5           6           7
           8           9          10
          42           2           3           5           6           7
           8           9          10
          43           1           4           5           6           7
           8           9          10
          44           2           4           5           6           7
           8           9          10
          45           3           4           5           6           7
           8           9          10
          46           1           2           3           4           5
           6           7          11
          47           1           2           3           4           5
           6           8          11
          48           1           2           3           4           5
           7           8          11
          49           1           2           3           4           6
           7           8          11
          50           1           2           3           5           6
           7           8          11
          51           1           2           4           5           6
           7           8          11
          52           1           3           4           5           6
           7           8          11
          53           2           3           4           5           6
           7           8          11
          54           1           2           3           4           5
           6           9          11
          55           1           2           3           4           5
           7           9          11
          56           1           2           3           4           6
           7           9          11
          57           1           2           3           5           6
           7           9          11
          58           1           2           4           5           6
           7           9          11
          59           1           3           4           5           6
           7           9          11
          60           2           3           4           5           6
           7           9          11
          61           1           2           3           4           5
           8           9          11
          62           1           2           3           4           6
           8           9          11
          63           1           2           3           5           6
           8           9          11
          64           1           2           4           5           6
           8           9          11
          65           1           3           4           5           6
           8           9          11
          66           2           3           4           5           6
           8           9          11
          67           1           2           3           4           7
           8           9          11
          68           1           2           3           5           7
           8           9          11
          69           1           2           4           5           7
           8           9          11
          70           1           3           4           5           7
           8           9          11
          71           2           3           4           5           7
           8           9          11
          72           1           2           3           6           7
           8           9          11
          73           1           2           4           6           7
           8           9          11
          74           1           3           4           6           7
           8           9          11
          75           2           3           4           6           7
           8           9          11
          76           1           2           5           6           7
           8           9          11
          77           1           3           5           6           7
           8           9          11
          78           2           3           5           6           7
           8           9          11
          79           1           4           5           6           7
           8           9          11
          80           2           4           5           6           7
           8           9          11
          81           3           4           5           6           7
           8           9          11
          82           1           2           3           4           5
           6          10          11
          83           1           2           3           4           5
           7          10          11
          84           1           2           3           4           6
           7          10          11
          85           1           2           3           5           6
           7          10          11
          86           1           2           4           5           6
           7          10          11
          87           1           3           4           5           6
           7          10          11
          88           2           3           4           5           6
           7          10          11
          89           1           2           3           4           5
           8          10          11
          90           1           2           3           4           6
           8          10          11
          91           1           2           3           5           6
           8          10          11
          92           1           2           4           5           6
           8          10          11
          93           1           3           4           5           6
           8          10          11
          94           2           3           4           5           6
           8          10          11
          95           1           2           3           4           7
           8          10          11
          96           1           2           3           5           7
           8          10          11
          97           1           2           4           5           7
           8          10          11
          98           1           3           4           5           7
           8          10          11
          99           2           3           4           5           7
           8          10          11
         100           1           2           3           6           7
           8          10          11
         101           1           2           4           6           7
           8          10          11
         102           1           3           4           6           7
           8          10          11
         103           2           3           4           6           7
           8          10          11
         104           1           2           5           6           7
           8          10          11
         105           1           3           5           6           7
           8          10          11
         106           2           3           5           6           7
           8          10          11
         107           1           4           5           6           7
           8          10          11
         108           2           4           5           6           7
           8          10          11
         109           3           4           5           6           7
           8          10          11
         110           1           2           3           4           5
           9          10          11
         111           1           2           3           4           6
           9          10          11
         112           1           2           3           5           6
           9          10          11
         113           1           2           4           5           6
           9          10          11
         114           1           3           4           5           6
           9          10          11
         115           2           3           4           5           6
           9          10          11
         116           1           2           3           4           7
           9          10          11
         117           1           2           3           5           7
           9          10          11
         118           1           2           4           5           7
           9          10          11
         119           1           3           4           5           7
           9          10          11
         120           2           3           4           5           7
           9          10          11
         121           1           2           3           6           7
           9          10          11
         122           1           2           4           6           7
           9          10          11
         123           1           3           4           6           7
           9          10          11
         124           2           3           4           6           7
           9          10          11
         125           1           2           5           6           7
           9          10          11
         126           1           3           5           6           7
           9          10          11
         127           2           3           5           6           7
           9          10          11
         128           1           4           5           6           7
           9          10          11
         129           2           4           5           6           7
           9          10          11
         130           3           4           5           6           7
           9          10          11
         131           1           2           3           4           8
           9          10          11
         132           1           2           3           5           8
           9          10          11
         133           1           2           4           5           8
           9          10          11
         134           1           3           4           5           8
           9          10          11
         135           2           3           4           5           8
           9          10          11
         136           1           2           3           6           8
           9          10          11
         137           1           2           4           6           8
           9          10          11
         138           1           3           4           6           8
           9          10          11
         139           2           3           4           6           8
           9          10          11
         140           1           2           5           6           8
           9          10          11
         141           1           3           5           6           8
           9          10          11
         142           2           3           5           6           8
           9          10          11
         143           1           4           5           6           8
           9          10          11
         144           2           4           5           6           8
           9          10          11
         145           3           4           5           6           8
           9          10          11
         146           1           2           3           7           8
           9          10          11
         147           1           2           4           7           8
           9          10          11
         148           1           3           4           7           8
           9          10          11
         149           2           3           4           7           8
           9          10          11
         150           1           2           5           7           8
           9          10          11
         151           1           3           5           7           8
           9          10          11
         152           2           3           5           7           8
           9          10          11
         153           1           4           5           7           8
           9          10          11
         154           2           4           5           7           8
           9          10          11
         155           3           4           5           7           8
           9          10          11
         156           1           2           6           7           8
           9          10          11
         157           1           3           6           7           8
           9          10          11
         158           2           3           6           7           8
           9          10          11
         159           1           4           6           7           8
           9          10          11
         160           2           4           6           7           8
           9          10          11
         161           3           4           6           7           8
           9          10          11
         162           1           5           6           7           8
           9          10          11
         163           2           5           6           7           8
           9          10          11
         164           3           5           6           7           8
           9          10          11
         165           4           5           6           7           8
           9          10          11
         166           1           2           3           4           5
           6           7          12
         167           1           2           3           4           5
           6           8          12
         168           1           2           3           4           5
           7           8          12
         169           1           2           3           4           6
           7           8          12
         170           1           2           3           5           6
           7           8          12
         171           1           2           4           5           6
           7           8          12
         172           1           3           4           5           6
           7           8          12
         173           2           3           4           5           6
           7           8          12
         174           1           2           3           4           5
           6           9          12
         175           1           2           3           4           5
           7           9          12
         176           1           2           3           4           6
           7           9          12
         177           1           2           3           5           6
           7           9          12
         178           1           2           4           5           6
           7           9          12
         179           1           3           4           5           6
           7           9          12
         180           2           3           4           5           6
           7           9          12
         181           1           2           3           4           5
           8           9          12
         182           1           2           3           4           6
           8           9          12
         183           1           2           3           5           6
           8           9          12
         184           1           2           4           5           6
           8           9          12
         185           1           3           4           5           6
           8           9          12
         186           2           3           4           5           6
           8           9          12
         187           1           2           3           4           7
           8           9          12
         188           1           2           3           5           7
           8           9          12
         189           1           2           4           5           7
           8           9          12
         190           1           3           4           5           7
           8           9          12
         191           2           3           4           5           7
           8           9          12
         192           1           2           3           6           7
           8           9          12
         193           1           2           4           6           7
           8           9          12
         194           1           3           4           6           7
           8           9          12
         195           2           3           4           6           7
           8           9          12
         196           1           2           5           6           7
           8           9          12
         197           1           3           5           6           7
           8           9          12
         198           2           3           5           6           7
           8           9          12
         199           1           4           5           6           7
           8           9          12
         200           2           4           5           6           7
           8           9          12
         201           3           4           5           6           7
           8           9          12
         202           1           2           3           4           5
           6          10          12
         203           1           2           3           4           5
           7          10          12
         204           1           2           3           4           6
           7          10          12
         205           1           2           3           5           6
           7          10          12
         206           1           2           4           5           6
           7          10          12
         207           1           3           4           5           6
           7          10          12
         208           2           3           4           5           6
           7          10          12
         209           1           2           3           4           5
           8          10          12
         210           1           2           3           4           6
           8          10          12
         211           1           2           3           5           6
           8          10          12
         212           1           2           4           5           6
           8          10          12
         213           1           3           4           5           6
           8          10          12
         214           2           3           4           5           6
           8          10          12
         215           1           2           3           4           7
           8          10          12
         216           1           2           3           5           7
           8          10          12
         217           1           2           4           5           7
           8          10          12
         218           1           3           4           5           7
           8          10          12
         219           2           3           4           5           7
           8          10          12
         220           1           2           3           6           7
           8          10          12
         221           1           2           4           6           7
           8          10          12
         222           1           3           4           6           7
           8          10          12
         223           2           3           4           6           7
           8          10          12
         224           1           2           5           6           7
           8          10          12
         225           1           3           5           6           7
           8          10          12
         226           2           3           5           6           7
           8          10          12
         227           1           4           5           6           7
           8          10          12
         228           2           4           5           6           7
           8          10          12
         229           3           4           5           6           7
           8          10          12
         230           1           2           3           4           5
           9          10          12
         231           1           2           3           4           6
           9          10          12
         232           1           2           3           5           6
           9          10          12
         233           1           2           4           5           6
           9          10          12
         234           1           3           4           5           6
           9          10          12
         235           2           3           4           5           6
           9          10          12
         236           1           2           3           4           7
           9          10          12
         237           1           2           3           5           7
           9          10          12
         238           1           2           4           5           7
           9          10          12
         239           1           3           4           5           7
           9          10          12
         240           2           3           4           5           7
           9          10          12
         241           1           2           3           6           7
           9          10          12
         242           1           2           4           6           7
           9          10          12
         243           1           3           4           6           7
           9          10          12
         244           2           3           4           6           7
           9          10          12
         245           1           2           5           6           7
           9          10          12
         246           1           3           5           6           7
           9          10          12
         247           2           3           5           6           7
           9          10          12
         248           1           4           5           6           7
           9          10          12
         249           2           4           5           6           7
           9          10          12
         250           3           4           5           6           7
           9          10          12
         251           1           2           3           4           8
           9          10          12
         252           1           2           3           5           8
           9          10          12
         253           1           2           4           5           8
           9          10          12
         254           1           3           4           5           8
           9          10          12
         255           2           3           4           5           8
           9          10          12
         256           1           2           3           6           8
           9          10          12
         257           1           2           4           6           8
           9          10          12
         258           1           3           4           6           8
           9          10          12
         259           2           3           4           6           8
           9          10          12
         260           1           2           5           6           8
           9          10          12
         261           1           3           5           6           8
           9          10          12
         262           2           3           5           6           8
           9          10          12
         263           1           4           5           6           8
           9          10          12
         264           2           4           5           6           8
           9          10          12
         265           3           4           5           6           8
           9          10          12
         266           1           2           3           7           8
           9          10          12
         267           1           2           4           7           8
           9          10          12
         268           1           3           4           7           8
           9          10          12
         269           2           3           4           7           8
           9          10          12
         270           1           2           5           7           8
           9          10          12
         271           1           3           5           7           8
           9          10          12
         272           2           3           5           7           8
           9          10          12
         273           1           4           5           7           8
           9          10          12
         274           2           4           5           7           8
           9          10          12
         275           3           4           5           7           8
           9          10          12
         276           1           2           6           7           8
           9          10          12
         277           1           3           6           7           8
           9          10          12
         278           2           3           6           7           8
           9          10          12
         279           1           4           6           7           8
           9          10          12
         280           2           4           6           7           8
           9          10          12
         281           3           4           6           7           8
           9          10          12
         282           1           5           6           7           8
           9          10          12
         283           2           5           6           7           8
           9          10          12
         284           3           5           6           7           8
           9          10          12
         285           4           5           6           7           8
           9          10          12
         286           1           2           3           4           5
           6          11          12
         287           1           2           3           4           5
           7          11          12
         288           1           2           3           4           6
           7          11          12
         289           1           2           3           5           6
           7          11          12
         290           1           2           4           5           6
           7          11          12
         291           1           3           4           5           6
           7          11          12
         292           2           3           4           5           6
           7          11          12
         293           1           2           3           4           5
           8          11          12
         294           1           2           3           4           6
           8          11          12
         295           1           2           3           5           6
           8          11          12
         296           1           2           4           5           6
           8          11          12
         297           1           3           4           5           6
           8          11          12
         298           2           3           4           5           6
           8          11          12
         299           1           2           3           4           7
           8          11          12
         300           1           2           3           5           7
           8          11          12
         301           1           2           4           5           7
           8          11          12
         302           1           3           4           5           7
           8          11          12
         303           2           3           4           5           7
           8          11          12
         304           1           2           3           6           7
           8          11          12
         305           1           2           4           6           7
           8          11          12
         306           1           3           4           6           7
           8          11          12
         307           2           3           4           6           7
           8          11          12
         308           1           2           5           6           7
           8          11          12
         309           1           3           5           6           7
           8          11          12
         310           2           3           5           6           7
           8          11          12
         311           1           4           5           6           7
           8          11          12
         312           2           4           5           6           7
           8          11          12
         313           3           4           5           6           7
           8          11          12
         314           1           2           3           4           5
           9          11          12
         315           1           2           3           4           6
           9          11          12
         316           1           2           3           5           6
           9          11          12
         317           1           2           4           5           6
           9          11          12
         318           1           3           4           5           6
           9          11          12
         319           2           3           4           5           6
           9          11          12
         320           1           2           3           4           7
           9          11          12
         321           1           2           3           5           7
           9          11          12
         322           1           2           4           5           7
           9          11          12
         323           1           3           4           5           7
           9          11          12
         324           2           3           4           5           7
           9          11          12
         325           1           2           3           6           7
           9          11          12
         326           1           2           4           6           7
           9          11          12
         327           1           3           4           6           7
           9          11          12
         328           2           3           4           6           7
           9          11          12
         329           1           2           5           6           7
           9          11          12
         330           1           3           5           6           7
           9          11          12
         331           2           3           5           6           7
           9          11          12
         332           1           4           5           6           7
           9          11          12
         333           2           4           5           6           7
           9          11          12
         334           3           4           5           6           7
           9          11          12
         335           1           2           3           4           8
           9          11          12
         336           1           2           3           5           8
           9          11          12
         337           1           2           4           5           8
           9          11          12
         338           1           3           4           5           8
           9          11          12
         339           2           3           4           5           8
           9          11          12
         340           1           2           3           6           8
           9          11          12
         341           1           2           4           6           8
           9          11          12
         342           1           3           4           6           8
           9          11          12
         343           2           3           4           6           8
           9          11          12
         344           1           2           5           6           8
           9          11          12
         345           1           3           5           6           8
           9          11          12
         346           2           3           5           6           8
           9          11          12
         347           1           4           5           6           8
           9          11          12
         348           2           4           5           6           8
           9          11          12
         349           3           4           5           6           8
           9          11          12
         350           1           2           3           7           8
           9          11          12
         351           1           2           4           7           8
           9          11          12
         352           1           3           4           7           8
           9          11          12
         353           2           3           4           7           8
           9          11          12
         354           1           2           5           7           8
           9          11          12
         355           1           3           5           7           8
           9          11          12
         356           2           3           5           7           8
           9          11          12
         357           1           4           5           7           8
           9          11          12
         358           2           4           5           7           8
           9          11          12
         359           3           4           5           7           8
           9          11          12
         360           1           2           6           7           8
           9          11          12
         361           1           3           6           7           8
           9          11          12
         362           2           3           6           7           8
           9          11          12
         363           1           4           6           7           8
           9          11          12
         364           2           4           6           7           8
           9          11          12
         365           3           4           6           7           8
           9          11          12
         366           1           5           6           7           8
           9          11          12
         367           2           5           6           7           8
           9          11          12
         368           3           5           6           7           8
           9          11          12
         369           4           5           6           7           8
           9          11          12
         370           1           2           3           4           5
          10          11          12
         371           1           2           3           4           6
          10          11          12
         372           1           2           3           5           6
          10          11          12
         373           1           2           4           5           6
          10          11          12
         374           1           3           4           5           6
          10          11          12
         375           2           3           4           5           6
          10          11          12
         376           1           2           3           4           7
          10          11          12
         377           1           2           3           5           7
          10          11          12
         378           1           2           4           5           7
          10          11          12
         379           1           3           4           5           7
          10          11          12
         380           2           3           4           5           7
          10          11          12
         381           1           2           3           6           7
          10          11          12
         382           1           2           4           6           7
          10          11          12
         383           1           3           4           6           7
          10          11          12
         384           2           3           4           6           7
          10          11          12
         385           1           2           5           6           7
          10          11          12
         386           1           3           5           6           7
          10          11          12
         387           2           3           5           6           7
          10          11          12
         388           1           4           5           6           7
          10          11          12
         389           2           4           5           6           7
          10          11          12
         390           3           4           5           6           7
          10          11          12
         391           1           2           3           4           8
          10          11          12
         392           1           2           3           5           8
          10          11          12
         393           1           2           4           5           8
          10          11          12
         394           1           3           4           5           8
          10          11          12
         395           2           3           4           5           8
          10          11          12
         396           1           2           3           6           8
          10          11          12
         397           1           2           4           6           8
          10          11          12
         398           1           3           4           6           8
          10          11          12
         399           2           3           4           6           8
          10          11          12
         400           1           2           5           6           8
          10          11          12
         401           1           3           5           6           8
          10          11          12
         402           2           3           5           6           8
          10          11          12
         403           1           4           5           6           8
          10          11          12
         404           2           4           5           6           8
          10          11          12
         405           3           4           5           6           8
          10          11          12
         406           1           2           3           7           8
          10          11          12
         407           1           2           4           7           8
          10          11          12
         408           1           3           4           7           8
          10          11          12
         409           2           3           4           7           8
          10          11          12
         410           1           2           5           7           8
          10          11          12
         411           1           3           5           7           8
          10          11          12
         412           2           3           5           7           8
          10          11          12
         413           1           4           5           7           8
          10          11          12
         414           2           4           5           7           8
          10          11          12
         415           3           4           5           7           8
          10          11          12
         416           1           2           6           7           8
          10          11          12
         417           1           3           6           7           8
          10          11          12
         418           2           3           6           7           8
          10          11          12
         419           1           4           6           7           8
          10          11          12
         420           2           4           6           7           8
          10          11          12
         421           3           4           6           7           8
          10          11          12
         422           1           5           6           7           8
          10          11          12
         423           2           5           6           7           8
          10          11          12
         424           3           5           6           7           8
          10          11          12
         425           4           5           6           7           8
          10          11          12
         426           1           2           3           4           9
          10          11          12
         427           1           2           3           5           9
          10          11          12
         428           1           2           4           5           9
          10          11          12
         429           1           3           4           5           9
          10          11          12
         430           2           3           4           5           9
          10          11          12
         431           1           2           3           6           9
          10          11          12
         432           1           2           4           6           9
          10          11          12
         433           1           3           4           6           9
          10          11          12
         434           2           3           4           6           9
          10          11          12
         435           1           2           5           6           9
          10          11          12
         436           1           3           5           6           9
          10          11          12
         437           2           3           5           6           9
          10          11          12
         438           1           4           5           6           9
          10          11          12
         439           2           4           5           6           9
          10          11          12
         440           3           4           5           6           9
          10          11          12
         441           1           2           3           7           9
          10          11          12
         442           1           2           4           7           9
          10          11          12
         443           1           3           4           7           9
          10          11          12
         444           2           3           4           7           9
          10          11          12
         445           1           2           5           7           9
          10          11          12
         446           1           3           5           7           9
          10          11          12
         447           2           3           5           7           9
          10          11          12
         448           1           4           5           7           9
          10          11          12
         449           2           4           5           7           9
          10          11          12
         450           3           4           5           7           9
          10          11          12
         451           1           2           6           7           9
          10          11          12
         452           1           3           6           7           9
          10          11          12
         453           2           3           6           7           9
          10          11          12
         454           1           4           6           7           9
          10          11          12
         455           2           4           6           7           9
          10          11          12
         456           3           4           6           7           9
          10          11          12
         457           1           5           6           7           9
          10          11          12
         458           2           5           6           7           9
          10          11          12
         459           3           5           6           7           9
          10          11          12
         460           4           5           6           7           9
          10          11          12
         461           1           2           3           8           9
          10          11          12
         462           1           2           4           8           9
          10          11          12
         463           1           3           4           8           9
          10          11          12
         464           2           3           4           8           9
          10          11          12
         465           1           2           5           8           9
          10          11          12
         466           1           3           5           8           9
          10          11          12
         467           2           3           5           8           9
          10          11          12
         468           1           4           5           8           9
          10          11          12
         469           2           4           5           8           9
          10          11          12
         470           3           4           5           8           9
          10          11          12
         471           1           2           6           8           9
          10          11          12
         472           1           3           6           8           9
          10          11          12
         473           2           3           6           8           9
          10          11          12
         474           1           4           6           8           9
          10          11          12
         475           2           4           6           8           9
          10          11          12
         476           3           4           6           8           9
          10          11          12
         477           1           5           6           8           9
          10          11          12
         478           2           5           6           8           9
          10          11          12
         479           3           5           6           8           9
          10          11          12
         480           4           5           6           8           9
          10          11          12
         481           1           2           7           8           9
          10          11          12
         482           1           3           7           8           9
          10          11          12
         483           2           3           7           8           9
          10          11          12
         484           1           4           7           8           9
          10          11          12
         485           2           4           7           8           9
          10          11          12
         486           3           4           7           8           9
          10          11          12
         487           1           5           7           8           9
          10          11          12
         488           2           5           7           8           9
          10          11          12
         489           3           5           7           8           9
          10          11          12
         490           4           5           7           8           9
          10          11          12
         491           1           6           7           8           9
          10          11          12
         492           2           6           7           8           9
          10          11          12
         493           3           6           7           8           9
          10          11          12
         494           4           6           7           8           9
          10          11          12
         495           5           6           7           8           9
          10          11          12
